1
1000
3 5
1 448
9 867
6 561
5 461
4 859
1 76
6 558
15 693
8 578
5 351
1 859
10 682
11 468
2 747
15 69
1 201
10 219
9 181
3 397
3 443
11 575
13 956
15 279
14 855
5 821
14 146
6 278
15 882
8 285
6 290
4 98
11 569
8 416
8 252
8 983
12 137
3 435
2 263
3 463
13 392
3 569
15 584
14 754
5 570
9 850
8 273
11 656
9 485
8 54
14 129
9 364
8 812
3 194
14 907
13 267
14 791
4 387
9 99
13 423
15 918
4 394
15 181
14 680
11 995
4 235
3 872
3 799
3 30
8 340
9 128
15 684
6 499
4 745
4 119
2 414
7 27
15 217
12 30
15 459
10 651
13 633
5 331
13 666
11 924
11 175
4 719
2 790
5 762
12 381
9 363
1 718
5 682
7 958
6 70
10 517
8 686
15 257
2 373
9 795
5 880
10 94
15 37
3 765
10 460
10 15
11 327
14 453
12 336
10 67
12 145
2 855
3 712
15 532
1 721
3 252
4 883
8 770
7 182
15 163
6 604
1 16
15 255
11 801
10 54
9 163
5 867
12 369
7 632
12 227
7 216
3 612
13 643
13 461
15 130
15 564
14 325
10 92
1 613
10 337
15 810
9 996
12 690
6 293
11 461
3 722
4 922
11 598
12 556
9 28
2 551
8 595
2 361
12 506
6 222
6 733
9 518
6 318
8 181
8 405
14 935
15 693
10 50
2 256
5 443
6 704
15 790
10 38
3 749
14 106
8 539
5 436
12 457
11 410
11 562
6 834
4 936
6 51
4 713
11 878
3 821
13 26
12 840
3 829
10 88
5 161
9 599
14 471
14 171
11 265
5 588
2 891
1 728
12 956
5 849
8 744
6 23
7 69
12 784
5 76
7 354
8 288
11 705
3 904
5 321
14 424
3 636
14 810
11 852
4 258
3 469
4 569
2 564
2 47
6 602
14 628
7 549
5 412
1 729
7 645
13 784
10 395
9 924
6 756
15 440
15 984
5 258
5 511
9 782
13 35
6 310
6 875
4 823
10 682
8 1
6 741
5 803
10 538
10 305
4 849
15 651
10 731
2 250
13 300
14 240
10 738
2 156
6 155
12 457
14 311
4 394
3 778
10 467
2 38
4 494
10 24
7 970
15 91
11 154
6 971
15 974
13 759
8 632
13 133
9 658
11 473
2 678
4 73
4 531
7 854
6 231
5 906
10 564
1 220
7 448
7 901
12 496
1 364
7 246
6 107
2 561
11 141
12 697
3 270
11 563
3 973
11 853
5 388
7 114
15 306
6 973
15 764
14 650
13 769
6 163
7 179
5 955
15 979
13 453
9 547
7 201
14 542
6 332
6 675
3 312
9 675
13 890
7 835
10 691
8 230
13 411
4 285
1 576
10 32
10 962
9 236
8 224
7 608
6 920
8 294
2 44
13 158
5 836
8 979
7 681
12 885
15 342
7 469
3 638
1 608
5 134
4 649
9 444
7 98
2 467
11 312
2 615
1 559
8 713
8 824
11 668
13 216
13 431
6 13
15 628
11 864
15 702
7 584
9 604
10 184
8 932
10 128
14 666
4 422
8 70
7 541
5 854
1 260
1 547
11 834
3 145
12 739
3 319
4 77
13 699
3 104
8 425
13 856
7 169
12 74
15 481
8 349
9 672
11 86
5 7
2 169
8 804
9 646
15 570
4 141
13 147
1 698
14 216
7 422
6 488
8 101
6 271
4 250
10 703
3 994
4 113
7 926
15 345
13 74
13 846
1 166
4 630
14 737
9 920
11 130
12 514
13 234
3 334
3 308
13 85
7 433
15 141
3 743
14 27
1 959
13 334
8 570
11 173
1 607
11 715
13 445
11 45
3 958
14 403
9 681
6 236
4 818
8 712
3 937
14 422
10 244
14 861
6 896
7 605
14 20
14 318
10 696
1 769
8 753
9 393
15 769
14 465
11 768
9 170
5 364
6 934
3 738
10 895
4 797
8 548
3 439
9 169
4 612
5 863
9 210
12 647
10 766
2 966
1 418
3 211
14 497
1 937
4 433
12 845
8 158
8 703
11 910
4 194
3 517
8 990
2 732
13 566
2 714
4 137
9 351
14 527
5 893
7 264
9 92
3 48
5 138
3 933
1 543
7 183
4 541
13 701
9 911
6 507
10 748
5 203
3 367
7 196
15 226
15 940
4 405
11 387
14 100
2 648
10 176
11 806
6 638
12 827
14 676
6 342
8 704
11 396
5 965
12 276
4 639
4 13
9 435
8 242
14 889
13 708
3 499
6 434
4 741
14 562
7 295
4 292
1 608
1 25
15 700
12 884
3 372
7 436
1 572
12 734
8 588
15 707
9 2
3 21
5 150
14 623
13 192
1 387
11 325
5 187
9 512
10 838
10 718
7 893
1 923
15 596
14 850
10 628
15 159
15 902
4 583
8 12
8 7
9 993
2 524
3 667
3 40
14 992
4 692
1 136
10 866
7 74
11 726
7 218
9 463
6 442
12 118
6 782
5 700
10 885
14 874
9 723
9 332
14 708
12 407
12 47
1 441
12 769
5 649
7 830
8 549
7 394
12 14
5 981
3 716
1 114
3 92
3 992
9 52
15 670
12 58
11 365
10 370
5 167
7 527
4 278
4 338
8 476
5 260
13 461
13 378
12 419
7 920
7 700
12 743
9 634
12 680
2 978
9 640
14 878
9 699
5 287
11 372
7 70
7 519
2 944
9 299
8 552
2 407
2 152
7 812
14 128
12 21
4 579
15 566
12 42
7 416
1 146
10 194
11 88
15 400
6 775
11 580
4 197
1 953
3 469
11 158
8 501
13 392
2 169
7 44
2 792
3 605
10 698
1 995
2 617
12 434
11 657
5 414
12 411
5 301
7 525
11 841
5 711
10 131
3 721
11 593
12 942
7 730
11 564
11 148
14 172
1 48
15 965
6 472
7 450
3 125
7 190
1 788
4 644
14 320
4 122
7 498
12 942
2 852
1 981
13 744
1 494
8 947
10 458
7 47
13 785
12 545
5 544
5 122
9 600
14 943
7 418
5 712
8 60
5 668
5 139
11 707
5 845
9 702
6 220
6 444
9 57
2 61
10 832
4 144
15 628
10 203
2 205
5 862
8 721
13 552
7 972
1 257
11 146
6 545
14 31
12 43
7 815
10 61
7 262
3 51
15 808
9 296
7 467
2 958
10 295
10 597
13 610
1 11
7 487
10 96
3 25
9 555
4 248
1 581
14 393
6 787
14 694
3 875
3 694
14 505
7 40
15 708
11 197
3 73
9 657
7 94
6 400
14 620
6 803
6 720
13 173
5 353
9 942
3 140
8 812
5 996
6 553
12 483
15 128
13 122
4 963
1 954
12 211
11 708
4 227
1 31
15 895
7 939
11 620
5 343
14 860
5 538
1 398
6 485
13 369
6 576
11 299
2 198
5 945
9 76
5 66
12 832
1 107
14 567
4 785
14 364
3 63
7 503
4 712
10 388
5 498
11 252
5 770
13 65
7 56
6 794
3 323
9 201
9 876
12 692
2 358
8 388
2 598
3 254
11 853
4 979
10 634
5 645
8 266
1 811
3 429
3 370
13 590
12 233
2 381
2 335
7 993
9 652
9 752
12 260
11 25
7 803
13 537
7 832
10 182
3 784
2 28
14 909
14 938
10 249
10 229
13 9
4 688
3 943
2 787
8 472
6 438
12 690
3 305
9 742
1 903
7 847
8 485
3 401
2 109
7 349
13 36
12 818
8 432
5 964
8 251
15 750
15 285
9 815
10 156
1 634
1 925
11 131
11 699
4 413
5 692
2 422
9 830
1 845
15 697
2 867
9 666
10 523
9 457
10 438
12 226
1 856
3 563
10 289
1 838
8 871
8 945
4 748
10 584
12 893
11 292
12 105
11 98
4 843
5 954
10 858
10 223
15 162
6 789
5 558
8 553
14 316
12 511
11 145
14 645
2 992
4 334
10 592
7 3
4 382
5 21
3 514
2 492
6 854
11 43
7 519
7 457
3 768
6 886
1 950
10 80
9 774
13 550
1 190
2 388
9 745
14 781
11 600
15 364
12 157
12 519
13 790
14 999
5 666
15 814
11 519
5 633
14 19
3 585
2 179
4 852
8 1
13 650
3 300
10 671
7 225
1 829
3 773
2 896
15 434
6 388
6 236
14 197
3 382
9 935
2 382
10 211
1 72
8 349
2 173
8 701
15 632
11 717
8 441
5 405
7 760
8 838
6 967
12 254
7 812
4 323
4 257
15 149
9 70
6 424
15 214
12 346
3 865
14 901
14 288
4 196
4 545
4 53
10 43
1 476
11 896
5 90
6 480
1 432
5 978
2 69
2 982
1 824
10 864
15 472
7 382
2 78
4 562
8 53
4 26
3 857
9 450
9 102
15 42
3 566
4 928
4 223
8 361
2 136
3 187
4 192
8 367
4 588
5 538
13 479
2 869
6 868
10 513
1 203
7 790
